217.3934657 -62.6761821 1.30119 4.2418794
53.2284306 -9.4581715 3.2026 10.440475999999999
346.4668274 -35.8530693 3.29 10.725399999999999
346.4668274 -35.8530693 3.29 10.725399999999999
176.9376036 0.7992898 3.37454 11.001000399999999
4.6126677 44.0247296 3.56228 11.6130328
4.6126677 44.0247296 3.56228 11.6130328
26.0093029 -15.9337987 3.60304 11.7459104
26.0093029 -15.9337987 3.60304 11.7459104
26.0093029 -15.9337987 3.60304 11.7459104
26.0093029 -15.9337987 3.60304 11.7459104
330.8714021 -56.7969023 3.63857 11.8617382
54.0032486 -44.5143104 3.67278 11.973262799999999
54.0032486 -44.5143104 3.67278 11.973262799999999
54.0032486 -44.5143104 3.67278 11.973262799999999
18.1330792 -16.9962434 3.71207 12.1013482
18.1330792 -16.9962434 3.71207 12.1013482
18.1330792 -16.9962434 3.71207 12.1013482
43.2691449 16.8649024 3.83078 12.488342799999998
43.2691449 16.8649024 3.83078 12.488342799999998
43.2691449 16.8649024 3.83078 12.488342799999998
77.9586613 -45.0430198 3.93305 12.821743
247.5748276 -12.6676866 4.30592 14.0372992
247.5748276 -12.6676866 4.30592 14.0372992
247.5748276 -12.6676866 4.30592 14.0372992
30.0588307 13.0443172 4.471 14.57546
262.1700476 -46.8989826 4.54896 14.8296096
264.1041731 68.3336741 4.54939 14.831011399999998
264.1041731 68.3336741 4.54939 14.831011399999998
343.3239737 -14.2665958 4.67517 15.241054199999997
343.3239737 -14.2665958 4.67517 15.241054199999997
343.3239737 -14.2665958 4.67517 15.241054199999997
343.3239737 -14.2665958 4.67517 15.241054199999997
1.6764641 -7.5462123 4.84867 15.8066642
1.6764641 -7.5462123 4.84867 15.8066642
323.3912616 -49.0125169 4.96435 16.183780999999996
264.2610245 -44.3232519 5.00671 16.321874599999997
264.2610245 -44.3232519 5.00671 16.321874599999997
75.4868824 -6.9485133 5.37484 17.5219784
75.4868824 -6.9485133 5.37484 17.5219784
103.7002499 33.2664632 5.58057 18.192658199999997
165.834471 35.972317 5.675773 18.50301998
165.834471 35.972317 5.675773 18.50301998
92.6435993 -21.8677233 5.75624 18.765342399999998
92.6435993 -21.8677233 5.75624 18.765342399999998
289.2277322 5.1631615 5.91059 19.2685234
111.852091 5.225807 5.921535 19.3042041
111.852091 5.225807 5.921535 19.3042041
49.9997666 -43.0666533 6.00278 19.569062799999998
49.9997666 -43.0666533 6.00278 19.569062799999998
49.9997666 -43.0666533 6.00278 19.569062799999998
49.9997666 -43.0666533 6.00278 19.569062799999998
218.5684823 -12.5170062 6.24442 20.356809199999997
352.9700384 19.9370011 6.26022 20.4083172
229.8564725 -7.7226935 6.2981 20.531806
229.8564725 -7.7226935 6.2981 20.531806
229.8564725 -7.7226935 6.2981 20.531806
138.5916722 52.6835211 6.33256 20.644145599999998
246.3557854 54.3033625 6.47249 21.100317399999998
348.3372026 57.1696255 6.53127 21.2919402
348.3372026 57.1696255 6.53127 21.2919402
348.3372026 57.1696255 6.53127 21.2919402
348.3372026 57.1696255 6.53127 21.2919402
348.3372026 57.1696255 6.53127 21.2919402
348.3372026 57.1696255 6.53127 21.2919402
45.4624781 -16.5944956 6.86929 22.3938854
45.4624781 -16.5944956 6.86929 22.3938854
157.2288672 0.8378485 7.03149 22.9226574
259.7510609 -34.9977651 7.24396 23.6153096
259.7510609 -34.9977651 7.24396 23.6153096
259.7510609 -34.9977651 7.24396 23.6153096
259.7510609 -34.9977651 7.24396 23.6153096
259.7510609 -34.9977651 7.24396 23.6153096
202.5040424 10.3725387 7.61778 24.8339628
177.7304866 48.3732334 8.03625 26.198175
191.981531 9.7494181 8.07426 26.3220876
264.4764878 18.5959509 8.15728 26.5927328
199.596455 -18.3157745 8.50332 27.720823199999998
199.596455 -18.3157745 8.50332 27.720823199999998
199.596455 -18.3157745 8.50332 27.720823199999998
48.3530155 4.7751881 8.60715 28.059309
303.8284712 -27.0337556 8.79687 28.6777962
303.8284712 -27.0337556 8.79687 28.6777962
332.4229938 -4.6408317 8.80058 28.689890799999997
332.4229938 -4.6408317 8.80058 28.689890799999997
173.8619194 -32.5436302 9.06456 29.5504656
173.8619194 -32.5436302 9.06456 29.5504656
173.8619194 -32.5436302 9.06456 29.5504656
176.6208003 -40.4986211 9.2894 30.283444
146.121464 -45.7790165 9.41263 30.685173799999998
146.121464 -45.7790165 9.41263 30.685173799999998
146.121464 -45.7790165 9.41263 30.685173799999998
144.0074644 -21.6650634 9.44181 30.7803006
144.0074644 -21.6650634 9.44181 30.7803006
144.0074644 -21.6650634 9.44181 30.7803006
70.7353853 18.953358 9.47045 30.873666999999998
130.3316616 59.4918364 9.48637 30.925566200000002
130.3316616 59.4918364 9.48637 30.925566200000002
306.5242477 58.5753044 9.58341 31.2419166
263.8072214 -48.6788427 9.67315 31.534468999999998
